   -0.14543735
    0.03161705
   -0.14039525
    0.02368701
   -0.03509452
   -0.07843407
   -0.07729431
   -0.00616185
    0.25870970
   -0.50628426
   -0.04848325
   -0.01503647
   -0.07289901
    0.03540053
   -0.07773030
   -0.02780013
   -0.03831955
    0.09284081
   -0.32457759
    0.03386551
    0.03290184
   -0.04659897
   -0.08262714
   -0.00197479
   -0.11892009
    0.11722388
   -0.30277663
    0.03815683
    0.10787458
    0.22115519
    0.08928103
    0.27049857
    0.10418423
    0.10351212
    0.06775630
    0.08425210
    0.08620993
    0.07464363
    0.08978131
    0.07050728
    0.05962421
    0.05946844
    0.07081960
    0.06456409
    0.07264830
    0.08488903
    0.09467604
    0.05962979
    0.04580682
    0.05763924
    0.03223628
    0.05892729
    0.06449201
    0.07582143
    0.07072176
    0.07487220
    0.06594959
