   -0.13428011
    0.07923672
   -0.07694517
   -0.00331277
   -0.26505297
   -0.00190224
   -0.07728281
    1.13122955
   -0.65487953
   -0.65518020
   -0.23259776
   -0.04524364
    0.09385775
   -0.32272898
    0.03537442
    0.03397219
   -0.04613900
   -0.08570664
   -0.00310587
   -0.11651900
    0.11678016
   -0.29733369
    0.03769046
    0.05890403
    0.07052966
    0.06608203
    0.05926399
    0.06581009
    0.05506348
    0.07900896
    0.05403065
    0.05082320
    0.04625912
    0.06118988
    0.03804962
    0.22662833
    0.06818691
    0.06730042
    0.05847701
    0.12118335
    0.12158135
    0.12169702
