   -0.13792793
    0.07932699
   -0.07833943
   -0.00714428
   -0.27491483
   -0.00714297
   -0.07837658
    1.15757954
   -0.66029735
   -0.66030317
   -0.24090471
   -0.04992593
    0.09387918
   -0.31874546
    0.03575401
    0.03224453
   -0.04747865
   -0.08103991
   -0.00150637
   -0.11778680
    0.11703853
   -0.29420521
    0.03597523
    0.04555325
    0.06402274
    0.06449108
    0.08392214
    0.06449230
    0.08390628
    0.06404802
    0.04560240
    0.06455233
    0.01797271
    0.05049038
    0.04469903
    0.23214545
    0.06267463
    0.06268373
    0.07669099
    0.12179345
    0.12726334
    0.12723730
