   -0.12517275
    0.15446264
   -0.13393222
   -0.12535546
   -0.32241644
    0.40932746
   -0.55548342
   -0.20793410
    0.04924631
   -0.07918222
   -0.07171999
    0.03363724
   -0.08277193
   -0.03816759
    0.09848099
   -0.32330923
    0.03412686
    0.03339653
   -0.04685368
   -0.08090375
   -0.00230609
   -0.11704987
    0.11710960
   -0.29728459
    0.03750923
    0.22974194
    0.05952025
    0.06531070
    0.05764984
    0.04892234
    0.06365377
    0.07220684
    0.05185321
    0.07015018
    0.04550879
    0.03790442
    0.06139436
    0.03780209
    0.22730635
    0.06245594
    0.06660641
    0.06189181
    0.05055151
    0.04974080
    0.06052801
    0.05055083
    0.05062808
    0.06066802
