           3          11
          64
      4.2926073787      3.5989888507      0.8599208685
      4.4190646166      3.5192235406      0.8955091292
      4.5391570371      3.4430858908      0.9303174595
      4.6533215981      3.3709575277      0.9643842339
      4.7619760272      3.3030156266      0.9977505826
      4.8655145145      3.2392768924      1.0304585704
      4.9643052388      3.1796365449      1.0625497915
      5.0586892929      3.1239017134      1.0940643263
      5.1489806429      3.0718192460      1.1250400044
      5.2354668268      3.0230982968      1.1555119185
      5.3184101566      2.9774282375      1.1855121406
          69
      4.3980976514      3.6545652004      0.8674869497
      4.5303447209      3.5744854008      0.9036294327
      4.6558724642      3.4980052459      0.9389886856
      4.7751188970      3.4255195026      0.9736028758
      4.8885078090      3.3572110055      1.0075130182
      4.9964431362      3.2930968448      1.0407610908
      5.0993054153      3.2330691781      1.0733885866
      5.1974498577      3.1769300704      1.1054354430
      5.2912056413      3.1244204046      1.1369392903
      5.3808760958      3.0752432702      1.1679349616
      5.4667395157      3.0290824296      1.1984542106
          71
      4.3219924148      3.5311264253      0.8526509359
      4.4480179547      3.4555111877      0.8875805253
      4.5676433785      3.3844027489      0.9217762099
      4.6813552445      3.3180304039      0.9552843890
      4.7896140216      3.2564266776      0.9881527300
      4.8928496785      3.1994737441      1.0204284374
      4.9914594176      3.1469437826      1.0521569565
      5.0858070125      3.0985329724      1.0833810488
      5.1762233069      3.0538893669      1.1141401761
      5.2630075175      3.0126351815      1.1444701351
      5.3464290643      2.9743841703      1.1744028897
