          42
   1   1
 1
   2   1
 2
   3   2
 3 7
   4   2
 4 6
   5   1
 5
   6   2
 6 4
   7   2
 7 3
   8   1
 8
   9   2
 9 10
   10   2
 10 9
   11   1
 11
   12   1
 12
   13   1
 13
   14   1
 14
   15   1
 15
   16   1
 16
   17   1
 17
   18   1
 18
   19   1
 19
   20   1
 20
   21   1
 21
   22   1
 22
   23   1
 23
   24   2
 24 31
   25   2
 25 30
   26   2
 26 28
   27   2
 27 29
   28   2
 28 26
   29   2
 29 27
   30   2
 30 25
   31   2
 31 24
   32   1
 32
   33   1
 33
   34   1
 34
   35   1
 35
   36   1
 36
   37   3
 37 38 39
   38   3
 38 37 39
   39   3
 39 37 38
   40   3
 40 41 42
   41   3
 41 40 42
   42   3
 42 40 41
           1           1
    1
           2           1
    2
           3           1
    3
           4           1
    4
           5           1
    5
           6           1
    6
           7           1
    7
           8           1
    8
           9           1
    9
          10           1
   10
          11           1
   11
          12           1
   12
          13           1
   13
          14           1
   14
          15           1
   15
          16           1
   16
          17           1
   17
          18           1
   18
          19           1
   19
          20           1
   20
          21           1
   21
          22           1
   22
          23           1
   23
          24           1
   24
          25           1
   25
          26           1
   26
          27           1
   27
          28           1
   28
          29           1
   29
          30           1
   30
          31           1
   31
          32           1
   32
          33           1
   33
          34           1
   34
          35           1
   35
          36           1
   36
          37           3
   37   38   39
          38           3
   38   37   39
          39           3
   39   37   38
          40           3
   40   41   42
          41           3
   41   40   42
          42           3
   42   40   41
