$coord
         -0.359341751571         -6.459779875651          0.002807895222     c 
          0.000874034156         -3.591677343618          0.001393447821     c 
         -1.201148304256         -2.441914046533         -2.384078131778     c 
         -4.088422841904         -2.582953509378         -2.307540826679     c 
         -5.126477136225         -1.546393584070          0.000333777192     n 
         -4.088484964755         -2.580632854481          2.309299574211     c 
         -1.201117127180         -2.440082582914          2.385981713009     c 
         -6.001614459019          1.461229463639         -0.001218278352     s 
         -5.200767516352          2.676192258904          2.322699124297     o 
         -5.201185594029          2.673482431388         -2.326683083661     o 
         -9.378482064025          1.241163494818         -0.000603186917     c 
          2.704992628746         -2.994871953115          0.000767198122     n 
          4.633312642157         -4.710623297003         -0.000666395982     c 
          6.879127496144         -3.733076500113         -0.002003996733     n 
          6.489489804607         -1.170381911725         -0.001543015473     c 
          3.856327477488         -0.660683840609          0.000026448037     c 
          3.114943837723          1.887901042649          0.000640375779     c 
          0.878006849727          3.380251138343          0.001551252221     c 
          1.614477729636          5.851371166441          0.002203757962     c 
          4.181294313932          6.013117562157          0.001432707256     n 
          5.161370713473          3.640862140977          0.000251332039     c 
          7.638579460501          3.158043492081         -0.001099821069     n 
          8.289627416341          0.760834099901         -0.002077864419     c 
         -0.648452435012         -0.465210420418         -2.553079793149     h 
         -0.513241849999         -3.437411583408         -4.053218560261     h 
         -4.864407665212         -1.477121386698         -3.860876180885     h 
         -4.739052011230         -4.534709379235         -2.476533545489     h 
         -4.864350023280         -1.473082281351          3.861472726360     h 
         -4.739446070680         -4.532105640745          2.480294692557     h 
         -0.513576289352         -3.434672231947          4.055820749365     h 
         -0.647951013617         -0.463457144776          2.553857378717     h 
          4.342504645608         -6.709832100306         -0.000574078712     h 
         -1.056122682218          2.777869116485          0.001600776836     h 
          0.451085581417          7.508754530760          0.003060120724     h 
         10.285505610351          0.341464072738         -0.002965408793     h 
          5.218525479912          7.606618529300          0.001745166072     h 
          0.476820271340         -7.299304771146         -1.674338584768     h 
          0.478798733339         -7.297737415436          1.679764508021     h 
         -2.359992955291         -6.899491769733          0.004177152473     h 
        -10.126480963676          3.143344639564          0.002466175134     h 
         -9.922529285366          0.231989263862          1.689064871571     h 
         -9.923612119311          0.237045522893         -1.692935535439     h 
$end
