   71
   1  9
   2  36
   3  1
   4  5
   5  15
   6  15
   7  17
   8  6
   9  13
   10  11
   11  2
   12  11
   13  1
   14  14
   15  1
   16  18
   17  9
   18  4
   19  17
   20  13
   21  16
   22  18
   23  15
   24  13
   25  5
   26  7
   27  1
   28  8
   29  6
   30  1
   31  13
   32  12
   33  19
   34  16
   35  5
   36  17
   37  15
   38  1
   39  6
   40  14
   41  2
   42  1
   43  1
   44  1
   45  1
   46  18
   47  15
   48  15
   49  9
   50  1
   51  15
   52  2
   53  12
   54  1
   55  1
   56  1
   57  6
   58  1
   59  6
   60  2
   61  16
   62  1
   63  4
   64  1
   65  1
   66  5
   67  1
   68  3
   69  13
   70  1
   71  1
