   71
   1  18
   2  72
   3  18
   4  18
   5  36
   6  36
   7  36
   8  36
   9  36
   10  54
   11  36
   12  36
   13  18
   14  54
   15  18
   16  72
   17  54
   18  36
   19  36
   20  36
   21  36
   22  36
   23  36
   24  36
   25  54
   26  36
   27  18
   28  36
   29  36
   30  18
   31  36
   32  36
   33  72
   34  108
   35  54
   36  36
   37  36
   38  18
   39  54
   40  54
   41  18
   42  18
   43  18
   44  18
   45  18
   46  72
   47  72
   48  36
   49  90
   50  18
   51  72
   52  18
   53  36
   54  18
   55  18
   56  18
   57  36
   58  18
   59  18
   60  36
   61  54
   62  18
   63  54
   64  18
   65  18
   66  54
   67  18
   68  54
   69  36
   70  18
   71  18
