   71
          9          1          9
         36         10         45
          1         46         46
          5         47         51
         15         52         66
         15         67         81
         17         82         98
          6         99        104
         13        105        117
         11        118        128
          2        129        130
         11        131        141
          1        142        142
         14        143        156
          1        157        157
         18        158        175
          9        176        184
          4        185        188
         17        189        205
         13        206        218
         16        219        234
         18        235        252
         15        253        267
         13        268        280
          5        281        285
          7        286        292
          1        293        293
          8        294        301
          6        302        307
          1        308        308
         13        309        321
         12        322        333
         19        334        352
         16        353        368
          5        369        373
         17        374        390
         15        391        405
          1        406        406
          6        407        412
         14        413        426
          2        427        428
          1        429        429
          1        430        430
          1        431        431
          1        432        432
         18        433        450
         15        451        465
         15        466        480
          9        481        489
          1        490        490
         15        491        505
          2        506        507
         12        508        519
          1        520        520
          1        521        521
          1        522        522
          6        523        528
          1        529        529
          6        530        535
          2        536        537
         16        538        553
          1        554        554
          4        555        558
          1        559        559
          1        560        560
          5        561        565
          1        566        566
          3        567        569
         13        570        582
          1        583        583
          1        584        584
