   -0.12527193
    0.15439538
   -0.13379322
   -0.12511904
   -0.32255726
    0.40844994
   -0.55696642
   -0.20681678
    0.04717092
   -0.07615031
   -0.07208920
    0.03666683
   -0.08495775
   -0.03548018
    0.09827189
   -0.32554325
    0.03413515
    0.03281764
   -0.04712189
   -0.08163762
   -0.00234497
   -0.11796413
    0.11677281
   -0.29860818
    0.03724234
    0.22927429
    0.05838388
    0.06220726
    0.04958412
    0.05531818
    0.06746882
    0.06900411
    0.05845338
    0.07547246
    0.04685257
    0.03964577
    0.06025565
    0.03635941
    0.22613381
    0.06616953
    0.06217805
    0.06207087
    0.05064027
    0.05017318
    0.06022896
    0.06020272
    0.05042180
    0.05000012
