$coord
        -10.493240583997         -1.317242032281          4.051417234781     c 
        -11.101543981290         -1.784661122207          1.281457573548     c 
        -11.718770486382         -4.537144440280          0.692205703432     c 
        -12.983969854210          0.076821179839          0.168230364218     c 
         -8.650781127620         -1.544758072384         -0.175391136396     o 
         -7.353263658186          0.668549051069         -0.271202261122     c 
         -7.965403206474          2.632943279279          0.792804713399     o 
         -5.309033825165          0.392961237850         -1.918954865015     n 
         -3.190388511065          2.249251154704         -1.786415860075     c 
         -1.866240954801          2.362678864908         -4.393430995339     c 
          0.985208594372          2.152173285573         -3.910012363298     c 
          1.267095585373          0.917319223092         -1.274512479956     c 
         -1.184258504099          1.478145308153          0.201390635588     c 
          3.538230383382          1.903964002580          0.042335501629     n 
          3.890811046125          4.392806305815          0.984895262078     c 
          6.220469429935          4.720732045811          1.952285803842     n 
          7.486634540641          2.411518246390          1.615733056892     c 
          5.828585059441          0.635439654715          0.396425477748     c 
          6.744927464404         -1.801860030644         -0.172086939759     c 
          5.860530336765         -4.061865280194         -1.343309601928     c 
          7.837499748025         -5.796727026343         -1.305193542531     c 
          9.958451743768         -4.712400600770         -0.141280734932     n 
          9.332351006082         -2.250656840601          0.569217530103     c 
         10.947548111339         -0.558011123242          1.766640232900     n 
         10.012592103906          1.726860767540          2.272805652665     c 
         -4.820552190558         -1.416884998055         -2.445013267922     h 
         -4.016082327693          4.137743618564         -1.288328276626     h 
         -2.502762084553          0.778134909902         -5.634214513887     h 
         -2.328845195239          4.174126904633         -5.364617649835     h 
          1.873160958987          4.064536594592         -3.939881560028     h 
          1.919340906588          0.971743761308         -5.380782023656     h 
          1.503395238544         -1.183093068716         -1.473307770073     h 
         -0.929967478051          3.041240273545          1.590580204477     h 
         -1.778370517000         -0.224222470982          1.292841101094     h 
          2.418396148667          5.824827886848          0.906774723688     h 
          4.016918006678         -4.378500937623         -2.127800436208     h 
          7.881027956187         -7.711083627301         -2.023533966236     h 
         11.250348116811          3.099241889703          3.222268489581     h 
         11.659133230548         -5.552475752448          0.124271601690     h 
        -12.171817196548         -4.776822153904         -1.349079543519     h 
        -13.379130360753         -5.148731775001          1.834362108299     h 
        -10.075785130008         -5.767600284381          1.164236906922     h 
         -9.881321304117          0.679309075699          4.343350897331     h 
         -8.946152865905         -2.594728026775          4.688681861557     h 
        -12.199551733859         -1.678832322242          5.231250231188     h 
        -12.355923997612          2.058747865280          0.519738339435     h 
        -13.169657076172         -0.211536373420         -1.908117844550     h 
        -14.871353137215         -0.203437773794          1.060029207404     h 
$end
