   69
         58          1         58
         61         59        119
         12        120        131
          2        132        133
         20        134        153
         31        154        184
          2        185        186
          6        187        192
          3        193        195
          3        196        198
         33        199        231
          2        232        233
          1        234        234
         43        235        277
         27        278        304
         23        305        327
         11        328        338
          1        339        339
          2        340        341
         28        342        369
          1        370        370
          6        371        376
          2        377        378
          2        379        380
          3        381        383
          2        384        385
          2        386        387
          1        388        388
          1        389        389
          1        390        390
          2        391        392
          2        393        394
          5        395        399
         11        400        410
          1        411        411
         28        412        439
          1        440        440
          2        441        442
          3        443        445
          1        446        446
          1        447        447
          1        448        448
         12        449        460
         10        461        470
          2        471        472
          2        473        474
         23        475        497
          1        498        498
          1        499        499
          1        500        500
         30        501        530
         18        531        548
          5        549        553
          4        554        557
         24        558        581
          7        582        588
          1        589        589
          2        590        591
          2        592        593
          1        594        594
         23        595        617
          1        618        618
          7        619        625
          2        626        627
          7        628        634
          1        635        635
         10        636        645
          5        646        650
          1        651        651
