           6          11
         304
     10.4849958559      1.0742552948      0.7989004248
     10.5275632380      1.0212513624      0.8093746723
     10.5666562461      0.9720182257      0.8193380173
     10.6026438539      0.9262339368      0.8288265294
     10.6358485928      0.8836088942      0.8378732237
     10.6665532560      0.8438818529      0.8465083645
     10.6950065090      0.8068165753      0.8547597309
     10.7214276050      0.7721989884      0.8626528528
     10.7460103667      0.7398347457      0.8702112198
     10.7689265607      0.7095471192      0.8774564680
     10.7903287686      0.6811751638      0.8844085462
         350
     10.7966179734      1.0649492993      0.8479267672
     10.8388539932      1.0095255083      0.8582954566
     10.8775904041      0.9583088524      0.8681312953
     10.9132048664      0.9109024635      0.8774743295
     10.9460264967      0.8669549366      0.8863608698
     10.9763430495      0.8261539513      0.8948239130
     11.0044068976      0.7882209919      0.9028935056
     11.0304400350      0.7529069381      0.9105970596
     11.0546382810      0.7199883523      0.9179596268
     11.0771748274      0.6892643327      0.9250041397
     11.0982032444      0.6605538269      0.9317516232
         372
     10.8949873316      1.1242340869      0.8492355688
     10.9394881218      1.0642656569      0.8601740627
     10.9802790930      1.0088756598      0.8705361377
     11.0177595668      0.9576406427      0.8803654209
     11.0522780050      0.9101821584      0.8897015346
     11.0841394028      0.8661614456      0.8985805194
     11.1136114791      0.8252747812      0.9070352069
     11.1409298804      0.7872494203      0.9150955496
     11.1663025716      0.7518400460      0.9227889126
     11.1899135537      0.7188256641      0.9301403315
     11.2119260228      0.6880068837      0.9371727424
         382
     10.9369494465      1.1332543925      0.8649983149
     10.9819368060      1.0727397169      0.8760242477
     11.0231842347      1.0168414993      0.8864684917
     11.0610936277      0.9651333091      0.8963750394
     11.0960157428      0.9172338923      0.9057838494
     11.1282576288      0.8728018468      0.9147312713
     11.1580888459      0.8315309776      0.9232504201
     11.1857466943      0.7931462395      0.9313715082
     11.2114406272      0.7574001888      0.9391221378
     11.2353559874      0.7240698760      0.9465275620
     11.2576571830      0.6929541217      0.9536109151
         394
     11.0073848330      1.1201447944      0.8756834197
     11.0519324290      1.0600198845      0.8865801855
     11.0927839238      1.0045286665      0.8968992570
     11.1303359854      0.9532337929      0.9066847414
     11.1649347941      0.9057460311      0.9159766185
     11.1968833935      0.8617182427      0.9248111911
     11.2264478398      0.8208402030      0.9332214789
     11.2538623681      0.7828341315      0.9412375652
     11.2793337486      0.7474508272      0.9488869013
     11.3030449749      0.7144663176      0.9561945753
     11.3251583962      0.6836789484      0.9631835493
         397
     11.0089601897      1.1599954022      0.8967556162
     11.0548000653      1.0964785209      0.9080336380
     11.0968054334      1.0379248334      0.9187017240
     11.1353900604      0.9838619719      0.9288070984
     11.1709148833      0.9338693633      0.9383925260
     11.2036957022      0.8875719102      0.9474967984
     11.2340096199      0.8446344993      0.9561551604
     11.2621004554      0.8047572271      0.9643996854
     11.2881833107      0.7676712433      0.9722596062
     11.3124484370      0.7331351311      0.9797616071
     11.3350645189      0.7009317493      0.9869300822
