          48
   1   3
 1 3 4
   2   1
 2
   3   3
 3 1 4
   4   3
 4 1 3
   5   1
 5
   6   1
 6
   7   1
 7
   8   1
 8
   9   1
 9
   10   1
 10
   11   1
 11
   12   1
 12
   13   1
 13
   14   1
 14
   15   1
 15
   16   1
 16
   17   1
 17
   18   1
 18
   19   1
 19
   20   1
 20
   21   1
 21
   22   1
 22
   23   1
 23
   24   1
 24
   25   1
 25
   26   1
 26
   27   1
 27
   28   1
 28
   29   1
 29
   30   1
 30
   31   1
 31
   32   1
 32
   33   1
 33
   34   1
 34
   35   1
 35
   36   1
 36
   37   1
 37
   38   1
 38
   39   1
 39
   40   9
 40 41 42 43 44 45 46 47 48
   41   9
 41 40 42 43 44 45 46 47 48
   42   9
 42 40 41 43 44 45 46 47 48
   43   9
 43 40 41 42 44 45 46 47 48
   44   9
 44 40 41 42 43 45 46 47 48
   45   9
 45 40 41 42 43 44 46 47 48
   46   9
 46 40 41 42 43 44 45 47 48
   47   9
 47 40 41 42 43 44 45 46 48
   48   9
 48 40 41 42 43 44 45 46 47
           1           1
    1
           2           1
    2
           3           1
    3
           4           1
    4
           5           1
    5
           6           1
    6
           7           1
    7
           8           1
    8
           9           1
    9
          10           1
   10
          11           1
   11
          12           1
   12
          13           1
   13
          14           1
   14
          15           1
   15
          16           1
   16
          17           1
   17
          18           1
   18
          19           1
   19
          20           1
   20
          21           1
   21
          22           1
   22
          23           1
   23
          24           1
   24
          25           1
   25
          26           1
   26
          27           1
   27
          28           1
   28
          29           1
   29
          30           1
   30
          31           1
   31
          32           1
   32
          33           1
   33
          34           1
   34
          35           1
   35
          36           1
   36
          37           1
   37
          38           1
   38
          39           1
   39
          40           9
   40   41   42   43   44   45   46   47   48
          41           9
   41   40   42   43   44   45   46   47   48
          42           9
   42   40   41   43   44   45   46   47   48
          43           9
   43   40   41   42   44   45   46   47   48
          44           9
   44   40   41   42   43   45   46   47   48
          45           9
   45   40   41   42   43   44   46   47   48
          46           9
   46   40   41   42   43   44   45   47   48
          47           9
   47   40   41   42   43   44   45   46   48
          48           9
   48   40   41   42   43   44   45   46   47
