$coord
         12.364522852136         -0.793465346961          2.632262024823     c 
         11.882273974888          0.609224286755          0.155033580237     c 
         13.302033285596          3.124962628762          0.115866964121     c 
         12.614347280910         -1.008205076706         -2.122129359077     c 
          9.235991592119          1.349849170938         -0.018455356910     o 
          7.370022124534         -0.362519888722         -0.039392855812     c 
          7.626442108265         -2.651199037558          0.079082141772     o 
          5.125740740637          0.816263426532         -0.205495723120     n 
          2.737282675564         -0.506064051977         -0.333591087988     c 
          1.240585210711          0.206853928475         -2.728110926388     c 
         -0.764677904904          2.077867390769         -1.831821867973     c 
         -1.505691372489          1.062056522025          0.780105326706     c 
          1.013871495159          0.205088168548          1.913895721819     c 
         -3.302806294812         -0.984654860282          0.540853480548     n 
         -2.873795152308         -3.515802840639          0.345561260886     c 
         -4.903066366078         -4.866510375010          0.042353911424     n 
         -6.856682265786         -3.151110235556          0.002367327723     c 
         -5.857283537088         -0.690386938225          0.298252615953     c 
         -7.512398614596          1.363500914213          0.285632415682     c 
         -7.431466481571          4.036862820958          0.462839209867     c 
         -9.869052966485          4.862666320526          0.291068534196     c 
        -11.469797423834          2.862077646516          0.014500432800     n 
        -10.097437693183          0.691588133040         -0.004972098200     c 
        -11.069233042628         -1.626855882865         -0.269468324096     n 
         -9.459703854809         -3.524165845315         -0.269393734534     c 
          5.136008009869          2.719440035066         -0.317047851229     h 
          3.237338294356         -2.510529443970         -0.322324663766     h 
          2.472604943191          0.994748570244         -4.171937402605     h 
          0.337738704041         -1.473617366531         -3.504955297025     h 
         -2.378529192089          2.179357612212         -3.103349939682     h 
          0.034212065160          3.962316584977         -1.623439162148     h 
         -2.417685969536          2.501501738927          1.946369402188     h 
          0.773664335275         -1.348290432226          3.237873593619     h 
          1.857829210576          1.778949570680          2.936606247022     h 
         -1.021625110836         -4.327023670687          0.446776945778     h 
         -5.788023041843          5.199514367247          0.671946086644     h 
        -10.579442325431          6.758483039295          0.346841485021     h 
        -10.245184263586         -5.394297691306         -0.491213681030     h 
        -13.360765154949          2.950131677976         -0.160290919912     h 
         12.715838365580          4.284668555657          1.704643599383     h 
         12.889688014940          4.134544846637         -1.622987672604     h 
         15.319219881067          2.781787171260          0.236644516051     h 
         14.365091629600         -1.209005295710          2.807848575727     h 
         11.310699090699         -2.557177361721          2.666770059239     h 
         11.773836775413          0.362818449701          4.225323343822     h 
         11.559519231232         -2.771638365960         -2.109785725112     h 
         12.201739499351         -0.001313403394         -3.865696656924     h 
         14.619669451595         -1.430939393370         -2.048236401357     h 
$end
