   397
   1  81
   2  81
   3  81
   4  81
   5  162
   6  162
   7  162
   8  81
   9  162
   10  162
   11  162
   12  162
   13  162
   14  81
   15  81
   16  81
   17  81
   18  81
   19  81
   20  81
   21  162
   22  162
   23  243
   24  162
   25  81
   26  324
   27  243
   28  243
   29  81
   30  162
   31  81
   32  81
   33  243
   34  81
   35  162
   36  243
   37  162
   38  243
   39  162
   40  81
   41  243
   42  81
   43  243
   44  162
   45  324
   46  243
   47  162
   48  81
   49  324
   50  162
   51  162
   52  324
   53  243
   54  162
   55  81
   56  162
   57  81
   58  162
   59  81
   60  243
   61  162
   62  324
   63  324
   64  81
   65  81
   66  81
   67  162
   68  162
   69  405
   70  243
   71  243
   72  162
   73  405
   74  324
   75  243
   76  162
   77  405
   78  81
   79  162
   80  81
   81  162
   82  243
   83  162
   84  243
   85  243
   86  243
   87  567
   88  162
   89  81
   90  162
   91  162
   92  243
   93  243
   94  162
   95  243
   96  81
   97  162
   98  162
   99  243
   100  567
   101  81
   102  162
   103  81
   104  81
   105  81
   106  162
   107  324
   108  81
   109  162
   110  81
   111  162
   112  81
   113  81
   114  162
   115  162
   116  324
   117  324
   118  81
   119  81
   120  162
   121  81
   122  243
   123  243
   124  324
   125  162
   126  81
   127  243
   128  81
   129  243
   130  162
   131  162
   132  243
   133  243
   134  81
   135  81
   136  162
   137  162
   138  162
   139  324
   140  243
   141  81
   142  81
   143  162
   144  81
   145  243
   146  324
   147  81
   148  243
   149  405
   150  81
   151  81
   152  243
   153  81
   154  81
   155  324
   156  243
   157  81
   158  162
   159  81
   160  324
   161  243
   162  324
   163  162
   164  405
   165  81
   166  567
   167  324
   168  243
   169  162
   170  162
   171  243
   172  243
   173  324
   174  243
   175  243
   176  243
   177  567
   178  162
   179  81
   180  81
   181  243
   182  162
   183  486
   184  162
   185  243
   186  405
   187  243
   188  243
   189  81
   190  162
   191  324
   192  81
   193  243
   194  243
   195  243
   196  405
   197  81
   198  81
   199  243
   200  324
   201  81
   202  162
   203  486
   204  324
   205  162
   206  243
   207  162
   208  81
   209  81
   210  81
   211  162
   212  81
   213  81
   214  81
   215  162
   216  81
   217  81
   218  243
   219  162
   220  81
   221  243
   222  162
   223  81
   224  243
   225  243
   226  324
   227  324
   228  81
   229  81
   230  486
   231  162
   232  81
   233  162
   234  243
   235  81
   236  81
   237  81
   238  81
   239  81
   240  243
   241  81
   242  81
   243  162
   244  243
   245  243
   246  162
   247  243
   248  81
   249  243
   250  81
   251  162
   252  81
   253  405
   254  81
   255  243
   256  81
   257  162
   258  81
   259  81
   260  405
   261  81
   262  81
   263  162
   264  243
   265  324
   266  162
   267  81
   268  162
   269  162
   270  81
   271  162
   272  243
   273  81
   274  81
   275  162
   276  243
   277  81
   278  162
   279  162
   280  81
   281  81
   282  81
   283  81
   284  81
   285  324
   286  567
   287  324
   288  243
   289  81
   290  81
   291  243
   292  486
   293  324
   294  324
   295  486
   296  162
   297  243
   298  81
   299  324
   300  81
   301  486
   302  243
   303  162
   304  81
   305  324
   306  81
   307  81
   308  243
   309  405
   310  81
   311  243
   312  162
   313  243
   314  81
   315  81
   316  81
   317  81
   318  162
   319  405
   320  81
   321  162
   322  162
   323  162
   324  81
   325  162
   326  162
   327  81
   328  162
   329  162
   330  81
   331  81
   332  243
   333  162
   334  162
   335  81
   336  162
   337  81
   338  81
   339  81
   340  324
   341  81
   342  81
   343  162
   344  162
   345  324
   346  81
   347  324
   348  162
   349  162
   350  81
   351  81
   352  81
   353  81
   354  243
   355  81
   356  162
   357  81
   358  81
   359  81
   360  162
   361  243
   362  81
   363  162
   364  162
   365  81
   366  81
   367  81
   368  81
   369  81
   370  81
   371  81
   372  81
   373  81
   374  81
   375  81
   376  81
   377  81
   378  81
   379  81
   380  81
   381  81
   382  81
   383  162
   384  81
   385  81
   386  81
   387  81
   388  81
   389  81
   390  162
   391  81
   392  162
   393  81
   394  81
   395  81
   396  81
   397  81
