   397
         67          1         67
          2         68         69
         56         70        125
         28        126        153
          7        154        160
         19        161        179
          6        180        185
          1        186        186
          7        187        193
          2        194        195
          7        196        202
          6        203        208
          4        209        212
          1        213        213
          1        214        214
         33        215        247
          7        248        254
         21        255        275
          7        276        282
          3        283        285
          9        286        294
          7        295        301
          6        302        307
          6        308        313
          4        314        317
         63        318        380
          7        381        387
         12        388        399
          1        400        400
          3        401        403
          2        404        405
          1        406        406
         68        407        474
          1        475        475
          6        476        481
          6        482        487
          4        488        491
         31        492        522
         22        523        544
          1        545        545
         17        546        562
          8        563        570
         14        571        584
          5        585        589
         10        590        599
          5        600        604
          4        605        608
          1        609        609
         30        610        639
          2        640        641
          2        642        643
          6        644        649
          4        650        653
          2        654        655
          1        656        656
          5        657        661
          1        662        662
          2        663        664
          1        665        665
          4        666        669
          2        670        671
          6        672        677
         22        678        699
          1        700        700
          1        701        701
          1        702        702
          4        703        706
          9        707        715
         63        716        778
         25        779        803
          9        804        812
          7        813        819
          8        820        827
          4        828        831
          4        832        835
          5        836        840
         14        841        854
          1        855        855
          2        856        857
          1        858        858
          2        859        860
          3        861        863
          6        864        869
          4        870        873
          4        874        877
         13        878        890
         40        891        930
          7        931        937
          1        938        938
          3        939        941
          2        942        943
          4        944        947
          4        948        951
          2        952        953
          9        954        962
          2        963        964
          2        965        966
          2        967        968
          3        969        971
         18        972        989
          1        990        990
          3        991        993
          1        994        994
          1        995        995
          2        996        997
         15        998       1012
         18       1013       1030
          4       1031       1034
          5       1035       1039
          1       1040       1040
         17       1041       1057
          1       1058       1058
          1       1059       1059
         12       1060       1071
          2       1072       1073
          7       1074       1080
         12       1081       1092
          1       1093       1093
          2       1094       1095
         12       1096       1107
          1       1108       1108
          9       1109       1117
          7       1118       1124
         16       1125       1140
          5       1141       1145
          4       1146       1149
         10       1150       1159
          1       1160       1160
         11       1161       1171
          3       1172       1174
          2       1175       1176
          4       1177       1180
          7       1181       1187
          5       1188       1192
          1       1193       1193
          3       1194       1196
          2       1197       1198
          4       1199       1202
          6       1203       1208
         10       1209       1218
          1       1219       1219
          1       1220       1220
          4       1221       1224
          2       1225       1226
          3       1227       1229
          9       1230       1238
          2       1239       1240
         12       1241       1252
          7       1253       1259
          2       1260       1261
          1       1262       1262
          5       1263       1267
          2       1268       1269
          1       1270       1270
          7       1271       1277
          3       1278       1280
          3       1281       1283
          4       1284       1287
          1       1288       1288
          8       1289       1296
          3       1297       1299
          9       1300       1308
          2       1309       1310
         12       1311       1322
          1       1323       1323
         16       1324       1339
          5       1340       1344
         10       1345       1354
          2       1355       1356
          2       1357       1358
         10       1359       1368
          5       1369       1373
          7       1374       1380
          3       1381       1383
          3       1384       1386
          4       1387       1390
         30       1391       1420
          6       1421       1426
          2       1427       1428
          1       1429       1429
          4       1430       1433
          4       1434       1437
         13       1438       1450
          2       1451       1452
          5       1453       1457
          6       1458       1463
          3       1464       1466
          3       1467       1469
          1       1470       1470
          2       1471       1472
          5       1473       1477
          1       1478       1478
          6       1479       1484
          3       1485       1487
          3       1488       1490
         14       1491       1504
          1       1505       1505
          1       1506       1506
         19       1507       1525
          5       1526       1530
          2       1531       1532
          2       1533       1534
         55       1535       1589
          9       1590       1598
          2       1599       1600
          5       1601       1605
          3       1606       1608
          1       1609       1609
          1       1610       1610
          1       1611       1611
          8       1612       1619
          1       1620       1620
          1       1621       1621
          1       1622       1622
          2       1623       1624
          1       1625       1625
          1       1626       1626
          4       1627       1630
          2       1631       1632
          1       1633       1633
          3       1634       1636
          3       1637       1639
          1       1640       1640
          8       1641       1648
          5       1649       1653
         23       1654       1676
          6       1677       1682
          1       1683       1683
          1       1684       1684
          7       1685       1691
          2       1692       1693
          1       1694       1694
          2       1695       1696
          6       1697       1702
          1       1703       1703
          1       1704       1704
          1       1705       1705
          1       1706       1706
          1       1707       1707
         15       1708       1722
          1       1723       1723
          1       1724       1724
          8       1725       1732
          3       1733       1735
          3       1736       1738
          2       1739       1740
          3       1741       1743
          1       1744       1744
          4       1745       1748
          2       1749       1750
          2       1751       1752
          1       1753       1753
          5       1754       1758
          1       1759       1759
          9       1760       1768
          1       1769       1769
          2       1770       1771
          1       1772       1772
          1       1773       1773
         12       1774       1785
          1       1786       1786
          1       1787       1787
          2       1788       1789
          6       1790       1795
         23       1796       1818
          2       1819       1820
          1       1821       1821
          4       1822       1825
          2       1826       1827
          1       1828       1828
          6       1829       1834
         29       1835       1863
          2       1864       1865
          1       1866       1866
          3       1867       1869
          4       1870       1873
          1       1874       1874
          2       1875       1876
          2       1877       1878
          1       1879       1879
          1       1880       1880
          1       1881       1881
          5       1882       1886
          3       1887       1889
         31       1890       1920
         33       1921       1953
          9       1954       1962
          7       1963       1969
          1       1970       1970
          1       1971       1971
          3       1972       1974
         27       1975       2001
          5       2002       2006
         11       2007       2017
         43       2018       2060
          2       2061       2062
          3       2063       2065
          2       2066       2067
          4       2068       2071
          1       2072       2072
          9       2073       2081
          3       2082       2084
          2       2085       2086
          1       2087       2087
          4       2088       2091
          1       2092       2092
          1       2093       2093
          3       2094       2096
         38       2097       2134
          1       2135       2135
          7       2136       2142
          2       2143       2144
          3       2145       2147
          1       2148       2148
          1       2149       2149
          1       2150       2150
          1       2151       2151
          2       2152       2153
          5       2154       2158
          3       2159       2161
          3       2162       2164
          2       2165       2166
          2       2167       2168
          1       2169       2169
          3       2170       2172
          5       2173       2177
          1       2178       2178
          2       2179       2180
          3       2181       2183
          1       2184       2184
          1       2185       2185
          3       2186       2188
          2       2189       2190
          3       2191       2193
          1       2194       2194
          3       2195       2197
          1       2198       2198
          1       2199       2199
          1       2200       2200
          5       2201       2205
          1       2206       2206
          1       2207       2207
          2       2208       2209
          3       2210       2212
         11       2213       2223
          1       2224       2224
         31       2225       2255
          3       2256       2258
          2       2259       2260
          2       2261       2262
          2       2263       2264
          1       2265       2265
          4       2266       2269
         26       2270       2295
          1       2296       2296
          3       2297       2299
          1       2300       2300
          2       2301       2302
          1       2303       2303
         17       2304       2320
         12       2321       2332
          6       2333       2338
          5       2339       2343
         42       2344       2385
          1       2386       2386
          1       2387       2387
          1       2388       2388
          1       2389       2389
          1       2390       2390
          1       2391       2391
          2       2392       2393
          1       2394       2394
          1       2395       2395
          1       2396       2396
          3       2397       2399
          1       2400       2400
          1       2401       2401
          1       2402       2402
          1       2403       2403
          3       2404       2406
          3       2407       2409
          4       2410       2413
         10       2414       2423
          1       2424       2424
          1       2425       2425
          3       2426       2428
          1       2429       2429
          4       2430       2433
          1       2434       2434
          4       2435       2438
          4       2439       2442
          4       2443       2446
          1       2447       2447
          5       2448       2452
          1       2453       2453
          2       2454       2455
          1       2456       2456
