   397
   1  67
   2  2
   3  56
   4  28
   5  7
   6  19
   7  6
   8  1
   9  7
   10  2
   11  7
   12  6
   13  4
   14  1
   15  1
   16  33
   17  7
   18  21
   19  7
   20  3
   21  9
   22  7
   23  6
   24  6
   25  4
   26  63
   27  7
   28  12
   29  1
   30  3
   31  2
   32  1
   33  68
   34  1
   35  6
   36  6
   37  4
   38  31
   39  22
   40  1
   41  17
   42  8
   43  14
   44  5
   45  10
   46  5
   47  4
   48  1
   49  30
   50  2
   51  2
   52  6
   53  4
   54  2
   55  1
   56  5
   57  1
   58  2
   59  1
   60  4
   61  2
   62  6
   63  22
   64  1
   65  1
   66  1
   67  4
   68  9
   69  63
   70  25
   71  9
   72  7
   73  8
   74  4
   75  4
   76  5
   77  14
   78  1
   79  2
   80  1
   81  2
   82  3
   83  6
   84  4
   85  4
   86  13
   87  40
   88  7
   89  1
   90  3
   91  2
   92  4
   93  4
   94  2
   95  9
   96  2
   97  2
   98  2
   99  3
   100  18
   101  1
   102  3
   103  1
   104  1
   105  2
   106  15
   107  18
   108  4
   109  5
   110  1
   111  17
   112  1
   113  1
   114  12
   115  2
   116  7
   117  12
   118  1
   119  2
   120  12
   121  1
   122  9
   123  7
   124  16
   125  5
   126  4
   127  10
   128  1
   129  11
   130  3
   131  2
   132  4
   133  7
   134  5
   135  1
   136  3
   137  2
   138  4
   139  6
   140  10
   141  1
   142  1
   143  4
   144  2
   145  3
   146  9
   147  2
   148  12
   149  7
   150  2
   151  1
   152  5
   153  2
   154  1
   155  7
   156  3
   157  3
   158  4
   159  1
   160  8
   161  3
   162  9
   163  2
   164  12
   165  1
   166  16
   167  5
   168  10
   169  2
   170  2
   171  10
   172  5
   173  7
   174  3
   175  3
   176  4
   177  30
   178  6
   179  2
   180  1
   181  4
   182  4
   183  13
   184  2
   185  5
   186  6
   187  3
   188  3
   189  1
   190  2
   191  5
   192  1
   193  6
   194  3
   195  3
   196  14
   197  1
   198  1
   199  19
   200  5
   201  2
   202  2
   203  55
   204  9
   205  2
   206  5
   207  3
   208  1
   209  1
   210  1
   211  8
   212  1
   213  1
   214  1
   215  2
   216  1
   217  1
   218  4
   219  2
   220  1
   221  3
   222  3
   223  1
   224  8
   225  5
   226  23
   227  6
   228  1
   229  1
   230  7
   231  2
   232  1
   233  2
   234  6
   235  1
   236  1
   237  1
   238  1
   239  1
   240  15
   241  1
   242  1
   243  8
   244  3
   245  3
   246  2
   247  3
   248  1
   249  4
   250  2
   251  2
   252  1
   253  5
   254  1
   255  9
   256  1
   257  2
   258  1
   259  1
   260  12
   261  1
   262  1
   263  2
   264  6
   265  23
   266  2
   267  1
   268  4
   269  2
   270  1
   271  6
   272  29
   273  2
   274  1
   275  3
   276  4
   277  1
   278  2
   279  2
   280  1
   281  1
   282  1
   283  5
   284  3
   285  31
   286  33
   287  9
   288  7
   289  1
   290  1
   291  3
   292  27
   293  5
   294  11
   295  43
   296  2
   297  3
   298  2
   299  4
   300  1
   301  9
   302  3
   303  2
   304  1
   305  4
   306  1
   307  1
   308  3
   309  38
   310  1
   311  7
   312  2
   313  3
   314  1
   315  1
   316  1
   317  1
   318  2
   319  5
   320  3
   321  3
   322  2
   323  2
   324  1
   325  3
   326  5
   327  1
   328  2
   329  3
   330  1
   331  1
   332  3
   333  2
   334  3
   335  1
   336  3
   337  1
   338  1
   339  1
   340  5
   341  1
   342  1
   343  2
   344  3
   345  11
   346  1
   347  31
   348  3
   349  2
   350  2
   351  2
   352  1
   353  4
   354  26
   355  1
   356  3
   357  1
   358  2
   359  1
   360  17
   361  12
   362  6
   363  5
   364  42
   365  1
   366  1
   367  1
   368  1
   369  1
   370  1
   371  2
   372  1
   373  1
   374  1
   375  3
   376  1
   377  1
   378  1
   379  1
   380  3
   381  3
   382  4
   383  10
   384  1
   385  1
   386  3
   387  1
   388  4
   389  1
   390  4
   391  4
   392  4
   393  1
   394  5
   395  1
   396  2
   397  1
