   -0.12526767
    0.15439467
   -0.13378832
   -0.12512196
   -0.32256779
    0.40845166
   -0.55694829
   -0.20680688
    0.04715507
   -0.07605087
   -0.07205175
    0.03663210
   -0.08506419
   -0.03547407
    0.09824897
   -0.32553803
    0.03413615
    0.03280931
   -0.04711928
   -0.08163990
   -0.00233873
   -0.11797028
    0.11676603
   -0.29860550
    0.03724561
    0.22922918
    0.05845132
    0.06189830
    0.04957855
    0.05528677
    0.06741662
    0.06904997
    0.05864927
    0.07562712
    0.04690899
    0.03963513
    0.06024519
    0.03635388
    0.22612984
    0.06218205
    0.06205251
    0.06616884
    0.06023127
    0.05059677
    0.05020970
    0.05047550
    0.04995969
    0.06017750
