   -0.14584284
    0.03171138
   -0.13822709
    0.02273926
   -0.03518150
   -0.07854283
   -0.08084716
   -0.00638198
    0.25875283
   -0.50565104
   -0.04794164
   -0.02698430
   -0.07998165
    0.03638270
   -0.07611331
   -0.01553872
   -0.03941931
    0.09443321
   -0.32665185
    0.03459714
    0.03455092
   -0.04555321
   -0.08374049
   -0.00233809
   -0.11643060
    0.11687239
   -0.30222661
    0.03969887
    0.10963514
    0.22230128
    0.08944677
    0.27069164
    0.10382424
    0.10293038
    0.06722222
    0.08418864
    0.08663484
    0.07819129
    0.09369959
    0.08282514
    0.07236207
    0.06640633
    0.06358496
    0.06904515
    0.05612964
    0.07136581
    0.08850523
    0.04753841
    0.05205075
    0.06655841
    0.02979318
    0.07370821
    0.06008892
    0.06438029
    0.06989521
    0.07462041
    0.06623137
