   -0.13792582
    0.07932509
   -0.07835273
   -0.00714555
   -0.27491338
   -0.00714190
   -0.07836169
    1.15758586
   -0.66029368
   -0.66031283
   -0.24090186
   -0.04992945
    0.09387628
   -0.31874529
    0.03575787
    0.03224367
   -0.04747484
   -0.08103772
   -0.00151420
   -0.11778964
    0.11703688
   -0.29420279
    0.03597655
    0.04556890
    0.06402660
    0.06448784
    0.08392337
    0.06450071
    0.08391076
    0.06403280
    0.04557854
    0.06455649
    0.01797546
    0.05049058
    0.04470107
    0.23214072
    0.06268211
    0.06267675
    0.07669081
    0.12179122
    0.12726015
    0.12724625
