$coord
        -14.049057045882         -2.334062748615         -0.495121275639     c 
        -11.336921799141         -1.951385812333         -1.386965564220     c 
         -9.830319506889         -4.407128812462         -1.244244336964     c 
        -10.023264833597          0.054822865656          0.308247956380     n 
        -11.456459382074          2.566796849233          0.475256647863     c 
         -9.428286188828          4.558645022038          1.027856697785     c 
         -7.007486950646          3.595679575756         -0.256443565524     c 
         -7.363871802134          0.726711718527         -0.655858701450     c 
         -5.415110650411         -0.755620940634          0.903364919310     c 
         -6.081042332404         -1.646370635045          2.962441999468     o 
         -3.034573601585         -1.151998240523         -0.036844407066     n 
         -1.077062256912         -2.317326411198          1.646243661532     c 
          1.151877074184         -0.506079004510          2.066892224364     c 
          2.202609248911          0.332351776128         -0.516630046409     c 
          0.128619994417          1.744067611975         -1.990584274991     c 
         -2.060832824489         -0.103425568096         -2.467274692110     c 
          4.509842555431          1.890609081875         -0.201146860599     n 
          4.709345157353          4.559792541875         -0.068719332055     c 
          7.134728746897          5.323596641039          0.045988347992     n 
          8.606321569112          3.113787779622          0.001597452925     c 
          6.978671399134          0.943987144958         -0.121540900111     c 
          8.057007323853         -1.491101097276         -0.108553045087     c 
          7.227682935819         -4.054866820932         -0.070697843881     c 
          9.374431308334         -5.573756222320         -0.022004382513     c 
         11.548911883581         -4.056916771403         -0.029393572708     n 
         10.784969887308         -1.531683256261         -0.062358543934     c 
         12.385250363423          0.552801757217         -0.010599875019     n 
         11.288995676244          2.821231873640          0.037655453998     c 
         -7.255262705302          0.239418145857         -2.720439490596     h 
         13.360297985125         -4.678581447837          0.000747596581     h 
        -11.330794180536         -1.190917184912         -3.374837366980     h 
         -9.830910988858         -0.702257996478          2.165621888391     h 
        -12.410196173475          2.969184588032         -1.375013288628     h 
        -12.904796916525          2.457786561808          2.016010480162     h 
         -9.131750133169          4.768982710127          3.108378983050     h 
        -10.003307251214          6.437195297274          0.253670799084     h 
         -6.738029890533          4.542526670941         -2.126247213496     h 
         -5.320937452422          4.005710923059          0.945106120460     h 
         -1.968571208810         -2.795053695705          3.516264811832     h 
         -0.419215517390         -4.106756854959          0.710495422618     h 
          0.523742707816          1.182660944847          3.172008306376     h 
          2.645942190217         -1.497546728977          3.185738940920     h 
          2.789421522799         -1.385649980922         -1.638788306742     h 
         -0.573132190872          3.409842974257         -0.896773648837     h 
          0.870856578436          2.432637960461         -3.848179386261     h 
         -1.388618005168         -1.757839727645         -3.631068396746     h 
         -3.578280451236          0.891449311089         -3.550202619949     h 
          3.071671892446          5.798445324899         -0.058467119575     h 
          5.306750248204         -4.705245987299         -0.056291520577     h 
          9.502496632392         -7.614004936680          0.028240868831     h 
         12.518038868194          4.494567072062          0.103877120306     h 
         -7.895507575599         -4.207701919439         -2.045148050137     h 
         -9.688670028241         -5.121660378054          0.735700013303     h 
        -10.831272632358         -5.882212477079         -2.390052840517     h 
        -15.242004552224         -0.633745088745         -0.844903452053     h 
        -14.899926882718         -3.932132850601         -1.596932064661     h 
        -14.145603576622         -2.840370338938          1.548004568094     h 
$end
