   127
          9          1          9
          5         10         14
          7         15         21
          5         22         26
          4         27         30
          2         31         32
          4         33         36
          7         37         43
          9         44         52
          9         53         61
          1         62         62
          3         63         65
          6         66         71
          3         72         74
          1         75         75
          2         76         77
          6         78         83
          8         84         91
          8         92         99
          9        100        108
          2        109        110
          4        111        114
          9        115        123
          9        124        132
          2        133        134
          1        135        135
          1        136        136
          3        137        139
          3        140        142
          6        143        148
          8        149        156
          4        157        160
          1        161        161
          3        162        164
          7        165        171
          5        172        176
          1        177        177
          7        178        184
          6        185        190
          6        191        196
          4        197        200
          2        201        202
          1        203        203
          1        204        204
          2        205        206
          1        207        207
          3        208        210
          7        211        217
          3        218        220
          1        221        221
          1        222        222
          8        223        230
          4        231        234
          2        235        236
          7        237        243
          5        244        248
          5        249        253
          1        254        254
          1        255        255
          7        256        262
          6        263        268
          6        269        274
          2        275        276
          1        277        277
          1        278        278
          1        279        279
          3        280        282
          4        283        286
          3        287        289
          3        290        292
          1        293        293
          1        294        294
          5        295        299
          1        300        300
          3        301        303
          2        304        305
          4        306        309
          1        310        310
          1        311        311
          1        312        312
          2        313        314
          1        315        315
          3        316        318
          1        319        319
          2        320        321
          1        322        322
          1        323        323
          4        324        327
          1        328        328
          1        329        329
          1        330        330
          1        331        331
          1        332        332
          1        333        333
          1        334        334
          1        335        335
          1        336        336
          4        337        340
          1        341        341
          2        342        343
          1        344        344
          4        345        348
          2        349        350
          3        351        353
          5        354        358
          4        359        362
          1        363        363
          2        364        365
          1        366        366
          2        367        368
          1        369        369
          4        370        373
          1        374        374
          1        375        375
          4        376        379
          2        380        381
          1        382        382
          1        383        383
          1        384        384
          1        385        385
          3        386        388
          2        389        390
          3        391        393
          1        394        394
          6        395        400
          2        401        402
          2        403        404
