          13          11
         273
      7.2626377776      2.9555530124      0.8096980638
      7.3695422459      2.8980982837      0.8389622422
      7.4718571134      2.8454453085      0.8676760439
      7.5699313457      2.7973653212      0.8958863980
      7.6640839734      2.7535728114      0.9236376462
      7.7546051060      2.7137433000      0.9509710668
      7.8417573246      2.6775284424      0.9779245623
      7.9257773486      2.6445686076      1.0045324858
      8.0068778773      2.6145031227      1.0308255814
      8.0852495273      2.5869784098      1.0568310160
      8.1610627964      2.5616542543      1.0825724828
         303
      7.3001877283      3.0361592676      0.8403640168
      7.4035874074      2.9902715730      0.8704918550
      7.5029851390      2.9493983800      0.9001861700
      7.5987286793      2.9131753926      0.9294953279
      7.6911257934      2.8811960552      0.9584638262
      7.7804476592      2.8530278662      0.9871319542
      7.8669322155      2.8282264524      1.0155356061
      7.9507874217      2.8063474190      1.0437062234
      8.0321943945      2.7869560534      1.0716708447
      8.1113103926      2.7696350201      1.0994522430
      8.1882716252      2.7539902223      1.1270691295
         321
      7.2939736385      3.1058072206      0.8459937392
      7.3986397231      3.0660546325      0.8768485024
      7.4994770721      3.0315583196      0.9073323604
      7.5968222553      3.0018810012      0.9374957372
      7.6909713049      2.9765389529      0.9673844343
      7.7821832713      2.9550216271      0.9970392665
      7.8706837077      2.9368084601      1.0264958802
      7.9566680550      2.9213828844      1.0557847259
      8.0403048956      2.9082436630      1.0849311564
      8.1217390488      2.8969137349      1.1139556267
      8.2010944801      2.8869468101      1.1428739705
         337
      7.3222650619      3.2258052334      0.8577524830
      7.4286370760      3.1912361207      0.8898333959
      7.5311806858      3.1616035579      0.9215936681
      7.6302358528      3.1364368463      0.9530803580
      7.7261009534      3.1152212719      0.9843355780
      7.8190363312      3.0974189157      1.0153961614
      7.9092678358      3.0824863581      1.0462935213
      7.9969902998      3.0698893010      1.0770536713
      8.0823709098      3.0591142428      1.1076973773
      8.1655524292      3.0496774268      1.1382404129
      8.2466562409      3.0411313377      1.1686938904
         347
      7.3231132846      3.2651851782      0.8601915471
      7.4297103584      3.2349491382      0.8926877921
      7.5325241666      3.2097895986      0.9249074595
      7.6318975990      3.1891950543      0.9568988059
      7.7281312024      3.1726073646      0.9887047195
      7.8214867129      3.1594440349      1.0203623682
      7.9121906034      3.1491172753      1.0519030542
      8.0004375936      3.1410498131      1.0833522421
      8.0863940706      3.1346875680      1.1147297308
      8.1702013761      3.1295093994      1.1460499359
      8.2519789211      3.1250342021      1.1773222570
         358
      7.3267550270      3.3299216864      0.8676236919
      7.4340880368      3.3026008732      0.9007817791
      7.5377114777      3.2804555197      0.9336929695
      7.6379662046      3.2629310623      0.9664062980
      7.7351498417      3.2494229158      0.9989649812
      7.8295204208      3.2393013242      1.0314060452
      7.9213000449      3.2319325089      1.0637601821
      8.0106785182      3.2266961062      1.0960518003
      8.0978168890      3.2229990388      1.1282992311
      8.1828508541      3.2202860766      1.1605150564
      8.2658939852      3.2180474178      1.1927065280
         380
      7.3108355476      3.4079216807      0.8936328866
      7.4237255637      3.3742467302      0.9275377483
      7.5326788055      3.3474003518      0.9611405930
      7.6380666996      3.3266373451      0.9945060390
      7.7402121710      3.3111597015      1.0276909601
      7.8393937284      3.3001480954      1.0607441193
      7.9358496416      3.2927877171      1.0937060899
      8.0297821136      3.2882888803      1.1266094075
      8.1213613633      3.2859029016      1.1594789045
      8.2107295490      3.2849337792      1.1923321816
      8.2980044807      3.2847462158      1.2251801779
         391
      7.3003232541      3.5090392948      0.8920430406
      7.4175142444      3.4822053523      0.9269934450
      7.5305473797      3.4620065637      0.9617092766
      7.6397995529      3.4476888105      0.9962531870
      7.7456013825      3.4384326334      1.0306799280
      7.8482403542      3.4333885017      1.0650358798
      7.9479643262      3.4317061383      1.0993589013
      8.0449852354      3.4325582041      1.1336784460
      8.1394828719      3.4351587662      1.1680158875
      8.2316086100      3.4387770578      1.2023850065
      8.3214890095      3.4427470837      1.2367925932
         399
      7.3012957913      3.5250038243      0.8913892917
      7.4187652718      3.5040590741      0.9265284254
      7.5321197909      3.4901408152      0.9614939072
      7.6417373047      3.4824056649      0.9963518595
      7.7479488228      3.4799420295      1.0311595955
      7.8510415681      3.4818080776      1.0659651322
      7.9512625178      3.4870634679      1.1008070518
      8.0488221632      3.4947950869      1.1357146503
      8.1438983473      3.5041371983      1.1707083148
      8.2366400663      3.5142865029      1.2058000767
      8.3271711465      3.5245126772      1.2409942922
         405
      7.3928229023      3.4677190218      0.9423017095
      7.5087258870      3.4502230569      0.9768847295
      7.6204368526      3.4402053535      1.0113311014
      7.7283849402      3.4365524118      1.0457100525
      7.8329379804      3.4381498557      1.0800796482
      7.9344088998      3.4439075400      1.1144869120
      8.0330618493      3.4527805995      1.1489681766
      8.1291180163      3.4637863553      1.1835496246
      8.2227610839      3.4760171739      1.2182479779
      8.3141423080      3.4886495211      1.2530712965
      8.4033851899      3.5009495575      1.2880198503
         418
      7.4091897824      3.5199955429      0.9470762822
      7.5263003559      3.5071153800      0.9822052364
      7.6392504592      3.5015776902      1.0172430678
      7.7484646845      3.5022146778      1.0522573721
      7.8543064625      3.5078610908      1.0873040561
      7.9570844141      3.5173808288      1.1224274993
      8.0570584485      3.5296891462      1.1576609602
      8.1544455641      3.5437703540      1.1930271826
      8.2494253134      3.5586911307      1.2285391556
      8.3421448969      3.5736097152      1.2642009871
      8.4327238619      3.5877813713      1.3000088491
         433
      7.4153863029      3.5428925013      0.9469133078
      7.5335675565      3.5358252473      0.9823001253
      7.6476791851      3.5362599188      1.0176548220
      7.7581415722      3.5429391692      1.0530461381
      7.8653128937      3.5546122235      1.0885302475
      7.9694956191      3.5700630489      1.1241509686
      8.0709427695      3.5881338169      1.1599402330
      8.1698638841      3.6077435615      1.1959187647
      8.2664306488      3.6279021509      1.2320969225
      8.3607821486      3.6477198576      1.2684756596
      8.4530297141      3.6664129383      1.3050475589
         438
      7.4241131159      3.5837764125      0.9504136426
      7.5429961866      3.5787307083      0.9862194357
      7.6577948466      3.5811520753      1.0220131504
      7.7689271275      3.5897793858      1.0578631634
      7.8767494224      3.6033535317      1.0938252240
      7.9815628896      3.6206466422      1.1299426243
      8.0836196247      3.6404866694      1.1662466381
      8.1831285548      3.6617771478      1.2027571824
      8.2802610067      3.6835121697      1.2394836516
      8.3751559102      3.7047868231      1.2764258793
      8.4679246049      3.7248034748      1.3135751825
