$coord
        -12.462524400230         -1.545777646976         -0.715887903039     c 
        -10.406896544075         -0.027095436406          0.612017608812     c 
        -10.400161099509          2.682670222081         -0.365590814876     c 
         -7.897138238890         -1.219838821675          0.150221778620     n 
         -7.743736258805         -3.938684811014          0.817916329781     c 
         -4.928806395227         -4.390485150469          1.167885124169     c 
         -4.127603624156         -2.020253916988          2.600687889541     c 
         -5.706581085508          0.080729610725          1.356319219202     c 
         -4.300962143757          1.415703516822         -0.821805350059     c 
         -4.957204153665          0.892629070652         -2.998962067450     o 
         -2.511013509720          3.084774681747         -0.282328188285     n 
         -1.177633915329          4.366101348543         -2.310803845194     c 
          1.592150366596          3.560671900573         -2.355248748023     c 
          2.816721961377          4.014790852510          0.231098244665     c 
          1.242483359930          2.872489091281          2.380687698679     c 
         -1.519981779445          3.708111138041          2.189921526111     c 
          5.352157345921          2.996195466722          0.284834751975     n 
          7.495441268590          4.369007825288          0.674331318777     c 
          9.559272520333          3.047156462476          0.712727078073     n 
          8.787184888676          0.596484156187          0.327555989278     c 
          6.124903929173          0.533729485474          0.043683805881     c 
          4.970960741403         -1.811893060930         -0.375294645309     c 
          2.530901829196         -2.855420854433         -0.791437345961     c 
          2.831568919086         -5.404562225323         -1.043761375909     c 
          5.314939622506         -6.027292293126         -0.805209711576     n 
          6.679049798745         -3.888958364907         -0.411809172596     c 
          9.188976610981         -3.844179583975         -0.129508720570     n 
         10.229683861516         -1.616142304179          0.225073136746     c 
         -6.379500594181          1.457304393625          2.730359566098     h 
          6.061287848618         -7.771720028362         -0.922982439754     h 
        -10.730736189414         -0.050700836419          2.654780160626     h 
         -7.480769065921         -1.009339152245         -1.781245653295     h 
         -8.746646995558         -4.236717875586          2.594085563697     h 
         -8.573082059491         -5.101831614412         -0.656755750044     h 
         -3.976627798588         -4.493679892813         -0.656430015336     h 
         -4.536801013514         -6.112330280775          2.212420664491     h 
         -4.626209779681         -2.191485273566          4.590163717924     h 
         -2.108827622141         -1.683462288035          2.465906065394     h 
         -2.090136468065          3.892334451039         -4.096473590338     h 
         -1.318425850719          6.403337430267         -1.998039096762     h 
          1.737834444366          1.570689509606         -2.857443572117     h 
          2.594822795113          4.641221088760         -3.794601124389     h 
          3.000806259330          6.054955482978          0.536150506926     h 
          1.381327892100          0.821059778918          2.294724577928     h 
          2.015634638577          3.479619837981          4.191200020580     h 
         -1.629743322487          5.759789293297          2.419998433611     h 
         -2.613021483381          2.815207711314          3.680527905909     h 
          7.451585681144          6.379649534457          0.927442547139     h 
          0.769912451270         -1.873219903659         -0.955912199246     h 
          1.433587753569         -6.830475740956         -1.379997651633     h 
         12.257988345726         -1.565506855294          0.443601991141     h 
        -12.274857114413          3.487871083886         -0.150775606452     h 
         -9.088213064365          3.889229694421          0.650936156445     h 
         -9.914098128285          2.727072420694         -2.362501071186     h 
        -12.072309099217         -1.689907832766         -2.727669171569     h 
        -12.667463165550         -3.428448578640          0.069700265092     h 
        -14.261496028565         -0.584194086299         -0.493334923533     h 
$end
