   438
          6          1          6
          8          7         14
          1         15         15
          9         16         24
          2         25         26
          2         27         28
          1         29         29
          3         30         32
          2         33         34
          1         35         35
          8         36         43
          6         44         49
          3         50         52
          1         53         53
          6         54         59
          5         60         64
          1         65         65
          6         66         71
          1         72         72
          5         73         77
          1         78         78
          1         79         79
          2         80         81
          2         82         83
          3         84         86
          1         87         87
          1         88         88
          4         89         92
          2         93         94
          6         95        100
          8        101        108
          6        109        114
          1        115        115
          1        116        116
          3        117        119
          1        120        120
          5        121        125
          8        126        133
          1        134        134
          1        135        135
          2        136        137
          1        138        138
          3        139        141
          4        142        145
          1        146        146
          7        147        153
          2        154        155
          8        156        163
          1        164        164
          8        165        172
          1        173        173
          3        174        176
          5        177        181
          1        182        182
          7        183        189
          5        190        194
          7        195        201
          6        202        207
          1        208        208
          2        209        210
          6        211        216
          8        217        224
          8        225        232
          5        233        237
          8        238        245
          1        246        246
          4        247        250
          6        251        256
          1        257        257
          4        258        261
          1        262        262
          3        263        265
          9        266        274
          1        275        275
          4        276        279
          2        280        281
          1        282        282
          1        283        283
          1        284        284
          1        285        285
          2        286        287
          1        288        288
          2        289        290
          1        291        291
          4        292        295
          4        296        299
          1        300        300
          3        301        303
          1        304        304
          1        305        305
          3        306        308
          1        309        309
          6        310        315
          3        316        318
          6        319        324
          6        325        330
          1        331        331
          7        332        338
          2        339        340
          4        341        344
          4        345        348
          9        349        357
          2        358        359
          5        360        364
          8        365        372
          1        373        373
          8        374        381
          1        382        382
          2        383        384
          4        385        388
          9        389        397
          8        398        405
          3        406        408
          2        409        410
          1        411        411
          2        412        413
          1        414        414
          3        415        417
         10        418        427
          1        428        428
          4        429        432
          2        433        434
          6        435        440
          2        441        442
          1        443        443
          9        444        452
          6        453        458
          3        459        461
          4        462        465
          3        466        468
          9        469        477
          9        478        486
          7        487        493
          2        494        495
          9        496        504
          4        505        508
          4        509        512
          5        513        517
          1        518        518
          7        519        525
          5        526        530
          6        531        536
          2        537        538
          7        539        545
          7        546        552
          4        553        556
          5        557        561
          2        562        563
          3        564        566
          3        567        569
          3        570        572
          2        573        574
          4        575        578
          9        579        587
          4        588        591
          9        592        600
          2        601        602
          2        603        604
          1        605        605
          1        606        606
          1        607        607
          3        608        610
          8        611        618
          7        619        625
          1        626        626
          3        627        629
          3        630        632
          6        633        638
          1        639        639
          1        640        640
          1        641        641
          7        642        648
          4        649        652
          1        653        653
          5        654        658
          1        659        659
          1        660        660
          1        661        661
          1        662        662
          2        663        664
          2        665        666
          4        667        670
          2        671        672
          1        673        673
          2        674        675
          2        676        677
          7        678        684
          3        685        687
          6        688        693
          3        694        696
          3        697        699
          1        700        700
          6        701        706
          3        707        709
          1        710        710
          4        711        714
          2        715        716
          1        717        717
          8        718        725
          8        726        733
          2        734        735
          1        736        736
          3        737        739
          1        740        740
          8        741        748
          5        749        753
          3        754        756
          3        757        759
          3        760        762
          2        763        764
          1        765        765
          2        766        767
          2        768        769
          1        770        770
          1        771        771
          2        772        773
          1        774        774
          3        775        777
          4        778        781
          4        782        785
          1        786        786
          3        787        789
          3        790        792
          3        793        795
          2        796        797
          1        798        798
          1        799        799
          1        800        800
          1        801        801
          1        802        802
          4        803        806
          2        807        808
          3        809        811
          1        812        812
          1        813        813
          2        814        815
          6        816        821
          3        822        824
          1        825        825
          2        826        827
          9        828        836
          8        837        844
          4        845        848
          1        849        849
          7        850        856
          1        857        857
          2        858        859
          7        860        866
          3        867        869
          3        870        872
          1        873        873
          1        874        874
          1        875        875
          2        876        877
          1        878        878
          2        879        880
          2        881        882
          7        883        889
          1        890        890
          1        891        891
          2        892        893
          1        894        894
          1        895        895
          2        896        897
          5        898        902
          2        903        904
          1        905        905
          1        906        906
          2        907        908
          6        909        914
          3        915        917
          3        918        920
          1        921        921
          1        922        922
          3        923        925
          3        926        928
          8        929        936
          4        937        940
          1        941        941
          1        942        942
          1        943        943
          1        944        944
          2        945        946
          1        947        947
          2        948        949
          1        950        950
          3        951        953
          1        954        954
          2        955        956
          3        957        959
          1        960        960
          2        961        962
          2        963        964
          2        965        966
          3        967        969
          1        970        970
          2        971        972
          2        973        974
          4        975        978
          3        979        981
          2        982        983
          9        984        992
          3        993        995
          2        996        997
          1        998        998
          3        999       1001
          1       1002       1002
          2       1003       1004
          5       1005       1009
          4       1010       1013
          1       1014       1014
          5       1015       1019
          1       1020       1020
          2       1021       1022
          4       1023       1026
          2       1027       1028
          1       1029       1029
          2       1030       1031
          2       1032       1033
          3       1034       1036
          4       1037       1040
          4       1041       1044
          2       1045       1046
          1       1047       1047
          1       1048       1048
          4       1049       1052
          2       1053       1054
          1       1055       1055
          1       1056       1056
          1       1057       1057
          2       1058       1059
          1       1060       1060
          1       1061       1061
          3       1062       1064
          6       1065       1070
          5       1071       1075
          1       1076       1076
          7       1077       1083
          5       1084       1088
          1       1089       1089
          1       1090       1090
          7       1091       1097
          2       1098       1099
          1       1100       1100
          4       1101       1104
          2       1105       1106
          4       1107       1110
          1       1111       1111
          5       1112       1116
          1       1117       1117
          1       1118       1118
          1       1119       1119
          1       1120       1120
          9       1121       1129
          1       1130       1130
          2       1131       1132
          3       1133       1135
          1       1136       1136
          1       1137       1137
          1       1138       1138
          3       1139       1141
          2       1142       1143
          2       1144       1145
          1       1146       1146
          2       1147       1148
          1       1149       1149
          1       1150       1150
          1       1151       1151
          1       1152       1152
          3       1153       1155
          5       1156       1160
          1       1161       1161
          1       1162       1162
          2       1163       1164
          2       1165       1166
          5       1167       1171
          2       1172       1173
          2       1174       1175
          2       1176       1177
          2       1178       1179
          4       1180       1183
          3       1184       1186
          2       1187       1188
          2       1189       1190
          1       1191       1191
          1       1192       1192
          2       1193       1194
          1       1195       1195
          8       1196       1203
          2       1204       1205
          1       1206       1206
          3       1207       1209
          1       1210       1210
          1       1211       1211
          1       1212       1212
          2       1213       1214
          2       1215       1216
          7       1217       1223
          1       1224       1224
          4       1225       1228
          1       1229       1229
          1       1230       1230
          1       1231       1231
          1       1232       1232
          8       1233       1240
          3       1241       1243
          1       1244       1244
          1       1245       1245
          1       1246       1246
          1       1247       1247
          3       1248       1250
          2       1251       1252
          1       1253       1253
          2       1254       1255
          1       1256       1256
          1       1257       1257
          5       1258       1262
          2       1263       1264
          2       1265       1266
          1       1267       1267
          1       1268       1268
          3       1269       1271
          1       1272       1272
          1       1273       1273
          4       1274       1277
          2       1278       1279
          8       1280       1287
          1       1288       1288
          1       1289       1289
          2       1290       1291
          9       1292       1300
          3       1301       1303
          7       1304       1310
          1       1311       1311
          6       1312       1317
          1       1318       1318
          6       1319       1324
          1       1325       1325
