   438
   1  6
   2  8
   3  1
   4  9
   5  2
   6  2
   7  1
   8  3
   9  2
   10  1
   11  8
   12  6
   13  3
   14  1
   15  6
   16  5
   17  1
   18  6
   19  1
   20  5
   21  1
   22  1
   23  2
   24  2
   25  3
   26  1
   27  1
   28  4
   29  2
   30  6
   31  8
   32  6
   33  1
   34  1
   35  3
   36  1
   37  5
   38  8
   39  1
   40  1
   41  2
   42  1
   43  3
   44  4
   45  1
   46  7
   47  2
   48  8
   49  1
   50  8
   51  1
   52  3
   53  5
   54  1
   55  7
   56  5
   57  7
   58  6
   59  1
   60  2
   61  6
   62  8
   63  8
   64  5
   65  8
   66  1
   67  4
   68  6
   69  1
   70  4
   71  1
   72  3
   73  9
   74  1
   75  4
   76  2
   77  1
   78  1
   79  1
   80  1
   81  2
   82  1
   83  2
   84  1
   85  4
   86  4
   87  1
   88  3
   89  1
   90  1
   91  3
   92  1
   93  6
   94  3
   95  6
   96  6
   97  1
   98  7
   99  2
   100  4
   101  4
   102  9
   103  2
   104  5
   105  8
   106  1
   107  8
   108  1
   109  2
   110  4
   111  9
   112  8
   113  3
   114  2
   115  1
   116  2
   117  1
   118  3
   119  10
   120  1
   121  4
   122  2
   123  6
   124  2
   125  1
   126  9
   127  6
   128  3
   129  4
   130  3
   131  9
   132  9
   133  7
   134  2
   135  9
   136  4
   137  4
   138  5
   139  1
   140  7
   141  5
   142  6
   143  2
   144  7
   145  7
   146  4
   147  5
   148  2
   149  3
   150  3
   151  3
   152  2
   153  4
   154  9
   155  4
   156  9
   157  2
   158  2
   159  1
   160  1
   161  1
   162  3
   163  8
   164  7
   165  1
   166  3
   167  3
   168  6
   169  1
   170  1
   171  1
   172  7
   173  4
   174  1
   175  5
   176  1
   177  1
   178  1
   179  1
   180  2
   181  2
   182  4
   183  2
   184  1
   185  2
   186  2
   187  7
   188  3
   189  6
   190  3
   191  3
   192  1
   193  6
   194  3
   195  1
   196  4
   197  2
   198  1
   199  8
   200  8
   201  2
   202  1
   203  3
   204  1
   205  8
   206  5
   207  3
   208  3
   209  3
   210  2
   211  1
   212  2
   213  2
   214  1
   215  1
   216  2
   217  1
   218  3
   219  4
   220  4
   221  1
   222  3
   223  3
   224  3
   225  2
   226  1
   227  1
   228  1
   229  1
   230  1
   231  4
   232  2
   233  3
   234  1
   235  1
   236  2
   237  6
   238  3
   239  1
   240  2
   241  9
   242  8
   243  4
   244  1
   245  7
   246  1
   247  2
   248  7
   249  3
   250  3
   251  1
   252  1
   253  1
   254  2
   255  1
   256  2
   257  2
   258  7
   259  1
   260  1
   261  2
   262  1
   263  1
   264  2
   265  5
   266  2
   267  1
   268  1
   269  2
   270  6
   271  3
   272  3
   273  1
   274  1
   275  3
   276  3
   277  8
   278  4
   279  1
   280  1
   281  1
   282  1
   283  2
   284  1
   285  2
   286  1
   287  3
   288  1
   289  2
   290  3
   291  1
   292  2
   293  2
   294  2
   295  3
   296  1
   297  2
   298  2
   299  4
   300  3
   301  2
   302  9
   303  3
   304  2
   305  1
   306  3
   307  1
   308  2
   309  5
   310  4
   311  1
   312  5
   313  1
   314  2
   315  4
   316  2
   317  1
   318  2
   319  2
   320  3
   321  4
   322  4
   323  2
   324  1
   325  1
   326  4
   327  2
   328  1
   329  1
   330  1
   331  2
   332  1
   333  1
   334  3
   335  6
   336  5
   337  1
   338  7
   339  5
   340  1
   341  1
   342  7
   343  2
   344  1
   345  4
   346  2
   347  4
   348  1
   349  5
   350  1
   351  1
   352  1
   353  1
   354  9
   355  1
   356  2
   357  3
   358  1
   359  1
   360  1
   361  3
   362  2
   363  2
   364  1
   365  2
   366  1
   367  1
   368  1
   369  1
   370  3
   371  5
   372  1
   373  1
   374  2
   375  2
   376  5
   377  2
   378  2
   379  2
   380  2
   381  4
   382  3
   383  2
   384  2
   385  1
   386  1
   387  2
   388  1
   389  8
   390  2
   391  1
   392  3
   393  1
   394  1
   395  1
   396  2
   397  2
   398  7
   399  1
   400  4
   401  1
   402  1
   403  1
   404  1
   405  8
   406  3
   407  1
   408  1
   409  1
   410  1
   411  3
   412  2
   413  1
   414  2
   415  1
   416  1
   417  5
   418  2
   419  2
   420  1
   421  1
   422  3
   423  1
   424  1
   425  4
   426  2
   427  8
   428  1
   429  1
   430  2
   431  9
   432  3
   433  7
   434  1
   435  6
   436  1
   437  6
   438  1
