   438
   1  18
   2  18
   3  18
   4  18
   5  18
   6  18
   7  18
   8  36
   9  36
   10  18
   11  18
   12  36
   13  18
   14  18
   15  36
   16  36
   17  18
   18  36
   19  18
   20  72
   21  18
   22  18
   23  18
   24  36
   25  54
   26  18
   27  18
   28  36
   29  36
   30  90
   31  90
   32  54
   33  18
   34  18
   35  18
   36  18
   37  36
   38  72
   39  18
   40  18
   41  18
   42  18
   43  18
   44  18
   45  18
   46  18
   47  18
   48  36
   49  18
   50  36
   51  18
   52  18
   53  18
   54  18
   55  36
   56  36
   57  54
   58  36
   59  18
   60  36
   61  54
   62  36
   63  36
   64  36
   65  54
   66  18
   67  36
   68  54
   69  18
   70  72
   71  18
   72  18
   73  72
   74  18
   75  72
   76  36
   77  18
   78  18
   79  18
   80  18
   81  18
   82  18
   83  18
   84  18
   85  36
   86  36
   87  18
   88  18
   89  18
   90  18
   91  18
   92  18
   93  54
   94  36
   95  54
   96  72
   97  18
   98  36
   99  18
   100  18
   101  18
   102  36
   103  18
   104  36
   105  18
   106  18
   107  18
   108  18
   109  18
   110  36
   111  36
   112  54
   113  18
   114  36
   115  18
   116  18
   117  18
   118  18
   119  36
   120  18
   121  36
   122  36
   123  54
   124  36
   125  18
   126  18
   127  18
   128  18
   129  54
   130  36
   131  72
   132  108
   133  54
   134  36
   135  108
   136  54
   137  36
   138  72
   139  18
   140  54
   141  36
   142  36
   143  18
   144  18
   145  18
   146  36
   147  36
   148  36
   149  36
   150  36
   151  36
   152  18
   153  18
   154  36
   155  36
   156  18
   157  36
   158  36
   159  18
   160  18
   161  18
   162  36
   163  54
   164  54
   165  18
   166  54
   167  36
   168  90
   169  18
   170  18
   171  18
   172  72
   173  54
   174  18
   175  54
   176  18
   177  18
   178  18
   179  18
   180  18
   181  36
   182  54
   183  36
   184  18
   185  36
   186  36
   187  90
   188  36
   189  90
   190  54
   191  54
   192  18
   193  72
   194  36
   195  18
   196  54
   197  36
   198  18
   199  54
   200  72
   201  36
   202  18
   203  18
   204  18
   205  72
   206  36
   207  54
   208  36
   209  54
   210  36
   211  18
   212  36
   213  36
   214  18
   215  18
   216  36
   217  18
   218  54
   219  72
   220  72
   221  18
   222  18
   223  54
   224  54
   225  36
   226  18
   227  18
   228  18
   229  18
   230  18
   231  54
   232  36
   233  54
   234  18
   235  18
   236  36
   237  90
   238  54
   239  18
   240  36
   241  144
   242  90
   243  54
   244  18
   245  72
   246  18
   247  36
   248  72
   249  36
   250  36
   251  18
   252  18
   253  18
   254  18
   255  18
   256  18
   257  18
   258  18
   259  18
   260  18
   261  18
   262  18
   263  18
   264  18
   265  18
   266  18
   267  18
   268  18
   269  18
   270  36
   271  18
   272  54
   273  18
   274  18
   275  36
   276  36
   277  54
   278  54
   279  18
   280  18
   281  18
   282  18
   283  36
   284  18
   285  36
   286  18
   287  54
   288  18
   289  18
   290  54
   291  18
   292  36
   293  36
   294  36
   295  36
   296  18
   297  36
   298  36
   299  36
   300  54
   301  36
   302  90
   303  36
   304  36
   305  18
   306  54
   307  18
   308  36
   309  72
   310  36
   311  18
   312  90
   313  18
   314  18
   315  54
   316  36
   317  18
   318  36
   319  36
   320  54
   321  72
   322  54
   323  36
   324  18
   325  18
   326  72
   327  36
   328  18
   329  18
   330  18
   331  18
   332  18
   333  18
   334  54
   335  54
   336  54
   337  18
   338  90
   339  72
   340  18
   341  18
   342  90
   343  36
   344  18
   345  54
   346  36
   347  72
   348  18
   349  54
   350  18
   351  18
   352  18
   353  18
   354  90
   355  18
   356  36
   357  54
   358  18
   359  18
   360  18
   361  54
   362  36
   363  36
   364  18
   365  36
   366  18
   367  18
   368  18
   369  18
   370  54
   371  54
   372  18
   373  18
   374  36
   375  36
   376  54
   377  36
   378  36
   379  36
   380  36
   381  72
   382  54
   383  36
   384  36
   385  18
   386  18
   387  18
   388  18
   389  108
   390  36
   391  18
   392  54
   393  18
   394  18
   395  18
   396  36
   397  18
   398  108
   399  18
   400  72
   401  18
   402  18
   403  18
   404  18
   405  90
   406  54
   407  18
   408  18
   409  18
   410  18
   411  54
   412  36
   413  18
   414  36
   415  18
   416  18
   417  36
   418  36
   419  36
   420  18
   421  18
   422  18
   423  18
   424  18
   425  36
   426  36
   427  72
   428  18
   429  18
   430  36
   431  72
   432  54
   433  72
   434  18
   435  90
   436  18
   437  54
   438  18
