   -0.14545220
    0.03179147
   -0.14016967
    0.02205884
   -0.03521266
   -0.07711730
   -0.07802339
   -0.00570681
    0.25802876
   -0.50542849
   -0.04769442
   -0.01578841
   -0.07573286
    0.03659605
   -0.07890810
   -0.02701908
   -0.03951526
    0.09458971
   -0.32665354
    0.03473356
    0.03440628
   -0.04579828
   -0.08371658
   -0.00237134
   -0.11628342
    0.11701659
   -0.30195186
    0.03989730
    0.10687093
    0.22244647
    0.08881120
    0.27127697
    0.10354863
    0.10367713
    0.06671748
    0.08462091
    0.08539158
    0.07677678
    0.08903333
    0.07195430
    0.06857385
    0.05635269
    0.06335040
    0.07111217
    0.06650187
    0.08389920
    0.09316872
    0.04727759
    0.05229176
    0.06679673
    0.02986439
    0.07505397
    0.05861418
    0.06427353
    0.06608010
    0.07095761
    0.07413062
