$coord
          0.143981661552         -0.113879901139         -3.571876690036     c 
         -0.237534152768          1.099320362114         -0.970035109841     c 
         -2.257787954848          3.217792318628         -1.110315768908     c 
         -4.906596046486          2.127633726712         -1.608795574800     c 
         -5.565427409323          0.201260123909          0.341595436866     n 
         -3.669564930888         -1.866047211707          0.639683707979     c 
         -1.039838708258         -0.749360604684          1.146761056989     c 
         -8.675761957924         -0.632709780850          0.592050523155     s 
         -8.878511033163         -2.126610417172          2.925646891155     o 
        -10.117146703571          1.740713728176          0.573200600301     o 
         -9.402124280748         -2.440831054964         -1.974913327463     c 
          2.280628925016          2.231374615613         -0.209093767761     n 
          2.787822998109          4.842314351310          0.156026444591     c 
          5.240442712351          5.296258177332          0.642880533127     n 
          6.435922506416          2.932324814428          0.588217645055     c 
          4.610210887718          0.984252484649          0.050502511253     c 
          5.484472546280         -1.540990337467         -0.088907656566     c 
          4.499353849595         -4.013206157253         -0.538692036417     c 
          6.496495456420         -5.719344602474         -0.411476038872     c 
          8.742750494108         -4.420301380685          0.110129282120     n 
          8.168821266086         -1.852653361900          0.318007616184     c 
          9.932735085410          0.024191139928          0.831695316230     n 
          9.047779131069          2.377317597326          0.965182564022     c 
         -2.327597893067          4.256749642105          0.731156947616     h 
         -1.805102166142          4.572343992985         -2.665516252358     h 
         -6.315940581434          3.715077363951         -1.457077004190     h 
         -4.991501345799          1.306916952566         -3.562438079077     h 
         -4.242916884927         -3.034131519667          2.323028890341     h 
         -3.600183836630         -3.099297162340         -1.084644380191     h 
          0.340553168703         -2.322734695587          1.356910762407     h 
         -1.095065518308          0.309534599036          2.981124505555     h 
          1.344267124418          6.299946351778          0.057399844482     h 
          2.573081663313         -4.526504379254         -0.919312228946     h 
          6.469392582136         -7.749523612336         -0.655614867875     h 
         10.388792459890          3.910736811435          1.375864693732     h 
         10.483603485936         -5.195001720488          0.302635101852     h 
          1.623858740243         -1.603995333832         -3.533628652389     h 
         -1.648363094917         -0.991117739027         -4.242577491986     h 
          0.728027074130          1.352360406135         -4.970493080599     h 
        -11.447229085379         -3.046305660536         -1.980139798654     h 
         -8.286616472915         -4.246915936080         -2.074684110370     h 
         -9.111204305884         -1.444039536916         -3.827987398017     h 
$end
