   41
          9          1          9
         18         10         27
         18         28         45
          1         46         46
          9         47         55
         10         56         65
          5         66         70
          6         71         76
          7         77         83
         16         84         99
          7        100        106
          8        107        114
         18        115        132
         10        133        142
          1        143        143
          7        144        150
         18        151        168
         15        169        183
         18        184        201
         11        202        212
          7        213        219
         12        220        231
         14        232        245
         30        246        275
         13        276        288
         11        289        299
         13        300        312
          3        313        315
          1        316        316
         10        317        326
          3        327        329
         14        330        343
          5        344        348
          3        349        351
         12        352        363
          7        364        370
          2        371        372
         11        373        383
          2        384        385
          3        386        388
          1        389        389
